R=1000
L=0.0001
C=0.00000001
FL=1
FC=1

Z = R + 2*pi*FL*j-(1/(2*pi*FC))*j
